343596
338818
195917
137177
132644
124767
120382
96630
70480
57951
55164
44545
40386
39069
36660
34711
27548
25526
25223
24578
24503
20616
19570
19393
19100
17963
17402
17271
16773
16532
16228
16174
15730
15519
14885
14806
14677
13731
13592
13221
13067
12889
12859
12812
12662
12321
12305
12115
11904
11770
11739
11403
10793
10722
10623
10418
10412
10280
10119
10095
10062
9849
9762
9688
9203
9124
9045
8790
8635
8634
8613
8567
8402
8266
8263
8123
8105
7952
7838
7786
7444
7376
7336
7283
7263
7191
7182
7101
7048
7035
7002
6941
6924
6821
6804
6803
6688
6679
6675
6584
6530
6512
6419
6412
6342
6279
6156
6139
6136
6114
6090
6002
6002
5919
5864
5858
5810
5695
5595
5584
5512
5448
5366
5341
5257
5158
5146
5107
5075
4993
4938
4935
4928
4927
4862
4843
4838
4762
4714
4687
4687
4673
4671
4644
4616
4605
4602
4567
4550
4545
4504
4455
4439
4411
4390
4363
4355
4208
4208
4200
4161
4084
4063
4010
4004
4003
3985
3976
3950
3934
3911
3814
3803
3784
3776
3758
3753
3743
3638
3637
3630
3619
3603
3602
3580
3580
3523
3522
3520
3519
3502
3481
3451
3441
3414
3405
3401
3390
3361
3359
3359
3357
3356
3347
3297
3293
3287
3248
3231
3228
3196
3189
3165
3163
3157
3148
3129
3126
3118
3100
3087
3076
3074
3071
3067
3060
3059
3056
3032
3015
3009
2979
2962
2948
2939
2934
2925
2910
2904
2901
2897
2881
2880
2872
2861
2845
2841
2828
2826
2817
2806
2803
2784
2772
2768
2767
2758
2758
2755
2748
2721
2713
2711
2709
2702
2696
2695
2694
2679
2676
2663
2627
2623
2619
2617
2617
2616
2610
2609
2609
2609
2586
2585
2558
2554
2551
2512
2508
2481
2473
2472
2443
2438
2432
2425
2419
2414
2410
2408
2407
2391
2388
2384
2377
2370
2363
2362
2358
2341
2340
2338
2334
2322
2316
2310
2308
2308
2292
2291
2290
2275
2262
2256
2255
2244
2225
2217
2215
2213
2204
2193
2189
2183
2182
2181
2180
2170
2168
2168
2165
2159
2152
2151
2150
2149
2148
2137
2136
2126
2123
2118
2115
2112
2103
2101
2082
2081
2080
2079
2076
2072
2068
2064
2049
2047
2041
2037
2012
2011
2009
2009
2008
2004
1993
1990
1987
1978
1977
1974
1969
1968
1967
1962
1958
1954
1945
1937
1919
1919
1917
1911
1909
1908
1904
1904
1901
1888
1874
1873
1870
1865
1864
1862
1859
1855
1851
1848
1838
1820
1805
1804
1796
1796
1796
1795
1794
1793
1792
1791
1790
1790
1789
1784
1781
1774
1772
1772
1771
1771
1770
1767
1764
1755
1749
1746
1738
1738
1735
1730
1723
1714
1713
1708
1707
1702
1696
1693
1688
1688
1684
1683
1681
1678
1674
1670
1668
1662
1647
1645
1644
1644
1636
1628
1623
1622
1613
1610
1600
1599
1598
1593
1579
1574
1572
1572
1570
1569
1568
1567
1565
1565
1561
1558
1552
1546
1546
1533
1529
1528
1522
1522
1519
1517
1515
1511
1511
1510
1508
1504
1498
1493
1488
1487
1485
1479
1478
1478
1473
1472
1469
1468
1467
1467
1464
1463
1460
1457
1457
1453
1449
1445
1443
1440
1440
1429
1429
1427
1426
1423
1422
1421
1420
1419
1414
1412
1406
1401
1398
1396
1389
1389
1384
1380
1376
1373
1370
1370
1369
1367
1354
1353
1352
1351
1351
1349
1347
1342
1331
1330
1330
1324
1321
1321
1320
1319
1319
1319
1316
1315
1314
1313
1310
1310
1308
1305
1304
1302
1300
1297
1297
1291
1286
1285
1284
1280
1280
1279
1270
1266
1261
1259
1257
1257
1256
1253
1241
1233
1231
1230
1228
1223
1223
1222
1220
1219
1219
1218
1215
1215
1214
1213
1208
1205
1204
1204
1200
1200
1199
1199
1197
1196
1194
1194
1189
1188
1184
1181
1178
1178
1176
1175
1173
1170
1165
1161
1159
1156
1156
1156
1155
1154
1153
1152
1151
1150
1149
1142
1140
1139
1138
1137
1137
1135
1134
1132
1132
1131
1130
1123
1121
1121
1121
1119
1119
1119
1116
1115
1115
1109
1109
1108
1106
1106
1106
1106
1106
1105
1103
1101
1100
1099
1096
1096
1094
1093
1093
1092
1092
1091
1087
1085
1082
1079
1077
1076
1072
1064
1063
1063
1061
1060
1059
1058
1057
1055
1055
1055
1054
1051
1051
1050
1048
1047
1046
1045
1045
1045
1043
1042
1040
1039
1037
1033
1029
1026
1023
1023
1022
1020
1020
1018
1018
1017
1017
1017
1016
1016
1014
1011
1009
1008
1006
1006
1005
1005
1003
1002
998
994
993
988
985
984
984
982
982
982
981
980
979
978
977
976
976
972
972
972
971
971
971
970
969
969
967
966
965
964
963
962
961
961
960
959
959
958
956
955
955
954
954
953
953
953
950
949
948
947
946
946
945
943
943
942
942
942
941
941
940
940
939
935
934
934
932
930
930
930
929
929
928
927
926
925
925
925
924
924
923
922
922
922
919
918
918
917
917
917
916
916
914
913
912
912
912
911
910
909
908
907
907
905
903
903
903
896
894
894
891
888
888
888
888
887
884
884
882
881
880
880
879
879
878
875
874
868
868
868
867
866
864
862
862
859
858
857
857
855
854
853
852
851
850
850
850
849
848
846
845
845
845
845
842
841
841
840
838
837
836
835
833
832
832
829
829
828
827
827
827
826
825
823
823
822
821
820
820
820
819
818
818
818
817
816
816
816
813
813
813
812
812
811
811
811
810
810
810
810
808
807
807
807
806
806
806
804
804
804
802
801
800
800
798
797
797
796
796
795
794
793
792
792
789
789
787
786
785
784
784
783
783
783
782
781
780
778
776
774
774
773
773
772
771
771
770
770
769
769
769
768
768
767
766
765
764
763
762
762
762
761
761
761
760
760
760
760
758
758
758
757
757
756
756
755
755
755
755
754
753
753
753
751
750
750
750
749
749
749
749
748
748
747
747
745
745
745
743
743
742
741
740
739
738
738
737
736
736
735
735
734
734
733
733
733
733
732
732
731
731
730
730
729
728
728
728
728
727
727
727
727
727
726
725
725
724
724
724
722
722
721
721
720
720
719
719
719
718
717
717
717
717
717
716
716
715
715
713
713
712
712
712
711
711
710
707
706
706
706
705
705
705
704
704
704
703
701
701
700
700
700
700
699
697
696
696
696
695
695
695
692
690
690
690
689
689
688
688
687
687
684
684
684
683
682
681
680
680
680
680
679
679
678
677
677
677
677
676
676
675
675
674
673
673
672
672
671
671
671
670
669
667
666
666
664
664
664
664
663
663
663
663
663
663
662
661
661
661
660
660
659
658
658
658
657
657
657
657
656
655
655
655
655
654
654
652
651
651
650
650
650
650
649
647
647
647
646
646
645
645
644
644
642
642
642
641
640
640
640
640
640
639
639
638
638
637
637
637
637
636
636
635
635
635
634
633
632
632
631
631
631
631
630
630
630
630
628
627
627
626
625
625
625
624
624
624
622
622
622
622
621
621
621
621
620
620
619
618
618
617
617
617
616
616
616
615
615
615
615
615
615
615
614
614
614
614
614
613
613
612
612
611
611
611
611
610
608
607
607
607
607
607
605
605
605
605
603
603
603
602
602
601
601
600
600
600
599
599
599
598
598
598
598
597
597
596
594
594
592
592
592
591
591
591
591
590
589
589
589
588
588
588
587
587
587
587
586
586
586
586
586
586
585
584
584
584
584
583
583
583
583
582
582
582
582
581
581
580
579
579
578
577
577
576
576
576
576
576
575
575
575
575
575
574
573
573
573
573
572
572
572
572
571
571
571
571
570
570
570
570
569
569
568
567
567
565
565
565
565
564
564
563
563
563
562
562
561
561
561
560
560
560
560
560
559
559
559
558
558
558
558
558
558
558
557
557
557
557
557
557
557
556
556
556
556
556
556
555
555
555
555
555
555
554
554
554
554
553
553
553
553
553
553
553
552
552
551
551
551
551
550
550
550
549
548
548
548
548
548
548
546
546
545
545
545
544
544
544
543
543
543
542
542
541
541
540
540
538
537
537
535
535
534
534
534
533
533
533
533
532
532
532
532
531
531
530
530
530
530
530
529
529
529
529
529
529
528
528
528
528
527
527
527
526
526
525
525
525
525
524
524
524
523
523
523
523
523
522
521
521
521
521
520
520
519
519
519
519
519
519
519
518
518
518
518
518
518
518
518
517
517
517
517
517
517
517
517
516
516
516
515
515
515
514
513
512
512
511
510
510
509
509
509
508
508
508
508
508
507
507
506
506
506
506
505
505
505
504
504
504
504
504
503
503
503
502
502
502
502
502
502
502
501
501
501
500
500
500
500
499
499
499
499
499
498
498
498
498
497
497
497
496
495
495
495
495
494
494
494
494
494
494
494
493
493
493
493
492
492
492
492
492
492
491
491
490
490
490
490
490
489
489
488
488
488
488
488
487
487
487
487
487
487
487
487
487
487
486
486
486
486
485
485
485
485
485
485
485
485
484
484
484
483
483
483
482
482
482
482
482
482
481
481
481
481
481
480
480
480
480
480
479
479
479
479
479
479
479
478
478
478
478
478
478
477
477
476
476
476
476
476
476
476
475
475
475
475
475
475
475
474
474
474
474
473
473
473
473
473
473
472
472
472
472
472
472
472
472
472
471
470
470
470
469
469
469
468
468
468
468
468
468
468
468
467
467
467
467
466
466
466
466
466
465
465
465
465
465
464
464
464
464
464
463
463
463
462
462
462
462
461
461
461
461
461
460
460
460
459
459
459
458
458
458
458
458
458
458
458
458
457
457
457
456
456
456
456
456
455
455
455
455
455
454
454
454
454
454
454
454
453
453
453
452
452
452
451
451
451
451
451
450
450
450
450
450
450
450
449
449
449
449
448
448
448
448
448
447
447
446
446
446
446
445
445
445
445
445
445
444
444
443
443
443
442
442
442
442
441
441
441
441
440
440
440
440
440
439
439
439
439
439
439
439
438
438
438
438
438
438
437
437
437
437
437
436
436
436
436
435
435
435
435
435
435
435
435
434
433
433
433
433
433
432
432
432
432
432
431
430
430
430
430
430
430
429
429
429
429
429
429
428
428
428
428
428
428
428
427
427
427
427
426
426
426
426
426
426
425
425
425
425
425
424
424
424
424
424
423
422
422
422
422
421
421
421
420
420
420
420
420
420
420
420
419
419
419
419
419
418
418
418
418
418
418
418
418
418
417
417
417
417
417
417
417
416
416
416
416
416
416
416
416
415
415
415
415
415
415
415
415
414
414
413
413
413
413
413
413
412
412
412
412
412
412
411
411
411
411
411
410
410
410
409
409
409
409
409
409
409
409
408
408
408
408
408
408
408
408
407
407
407
407
406
406
406
406
406
406
406
405
405
405
405
405
405
404
404
404
404
404
404
404
404
404
404
404
404
403
403
403
403
402
402
402
402
401
401
401
400
400
400
400
400
400
400
400
399
399
399
399
399
399
399
398
398
398
398
398
398
397
397
397
397
397
397
397
396
396
396
396
396
396
396
395
395
395
395
394
394
394
394
394
394
394
394
394
394
394
393
393
393
393
393
393
393
392
392
392
392
391
391
391
391
391
391
391
391
390
390
390
390
390
389
389
389
389
389
389
389
389
389
388
388
388
388
388
388
388
388
388
388
387
387
387
387
386
386
386
386
386
386
385
385
385
385
385
385
385
385
385
385
384
384
384
384
383
383
383
383
383
383
383
383
383
383
383
383
382
382
382
382
382
382
382
382
382
381
381
381
381
381
381
381
381
380
380
380
380
380
380
380
380
379
379
379
379
379
379
379
379
378
378
378
378
378
378
378
377
377
377
377
376
376
376
376
375
375
375
375
375
374
374
374
374
374
374
374
373
373
373
373
373
373
372
372
372
372
372
372
372
372
372
371
371
371
371
371
370
370
370
370
370
370
370
370
370
370
370
370
369
369
369
368
368
368
368
368
368
368
368
367
367
367
367
366
366
366
366
366
366
366
365
365
365
365
365
365
365
365
365
364
364
364
364
364
363
363
363
363
363
363
363
363
363
363
362
362
361
361
361
361
361
361
360
360
360
360
360
360
360
360
360
360
359
359
359
359
359
359
359
359
358
358
358
358
358
358
358
358
357
357
357
357
357
357
357
357
356
356
356
356
356
355
355
355
355
355
355
355
355
354
354
354
354
354
354
354
353
353
353
352
352
352
352
351
351
351
351
351
351
350
350
350
350
350
350
350
349
349
349
349
349
349
349
349
349
348
348
348
348
348
348
348
348
348
348
348
347
347
347
346
346
346
346
346
346
346
346
345
345
345
345
345
345
345
345
344
344
344
344
344
344
344
344
343
343
343
343
343
343
343
342
342
342
342
342
342
342
342
342
342
342
342
342
342
342
341
341
341
341
341
341
341
340
340
340
340
340
340
339
339
339
339
339
339
339
338
338
338
338
338
338
338
338
337
337
337
337
337
337
337
337
337
337
336
336
336
336
336
336
335
335
335
335
335
335
335
335
334
334
334
334
334
334
334
334
334
333
333
333
333
333
333
333
333
332
332
332
332
332
332
332
332
331
331
331
331
331
331
330
330
330
330
329
329
329
329
329
329
329
329
329
328
328
328
328
328
328
327
327
327
327
327
327
327
327
327
327
327
327
327
327
327
326
326
326
326
326
326
326
326
326
326
326
325
325
325
325
325
324
324
324
324
324
324
324
323
323
323
323
323
323
323
323
323
323
323
322
322
322
322
322
322
322
322
321
321
321
321
321
321
321
321
321
321
321
321
320
320
320
320
320
320
320
320
320
320
319
319
319
319
319
319
319
319
318
318
318
318
318
318
317
317
317
317
317
317
317
317
317
317
316
316
316
316
316
316
316
316
316
316
316
316
315
315
315
315
315
315
315
315
315
315
315
314
314
314
314
314
314
314
314
314
314
314
313
313
313
313
313
313
313
313
313
313
313
313
312
312
312
312
312
312
312
312
312
312
312
311
311
311
311
311
311
311
311
311
311
311
311
311
311
310
310
310
310
310
310
310
310
310
309
309
309
309
309
309
309
309
309
309
309
308
308
308
308
308
308
308
308
308
307
307
307
307
307
307
307
307
307
307
307
307
306
306
306
306
306
306
306
306
306
306
306
306
306
305
305
305
305
305
305
305
305
305
305
305
305
305
304
304
304
304
304
304
304
304
304
304
303
303
303
303
303
303
303
303
303
303
303
302
302
302
302
302
302
302
302
302
302
302
302
302
302
301
301
301
301
301
301
301
301
301
301
300
300
300
300
300
300
300
300
300
300
300
300
299
299
299
299
299
299
299
299
299
299
299
299
298
298
298
298
298
298
298
298
298
298
298
298
298
297
297
297
297
297
297
297
297
297
296
296
296
296
296
296
296
296
296
296
295
295
295
295
295
295
295
295
295
295
295
294
294
294
294
294
294
294
294
294
294
294
294
294
293
293
293
293
293
293
293
293
293
292
292
292
292
292
292
292
292
292
292
292
292
292
292
292
291
291
291
291
291
291
291
291
291
291
291
291
291
290
290
290
290
290
290
290
290
290
290
290
290
290
290
290
289
289
289
289
289
289
289
289
289
289
288
288
288
288
288
288
288
288
287
287
287
287
287
287
287
287
287
287
287
286
286
286
286
286
286
286
286
286
286
285
285
285
285
285
285
285
285
285
285
285
285
285
285
285
285
284
284
284
284
284
284
284
284
284
284
284
284
284
283
283
283
283
283
283
283
283
283
282
282
282
282
282
282
282
282
282
282
282
282
282
282
282
281
281
281
281
281
281
281
281
281
281
281
281
281
281
280
280
280
280
280
280
280
280
280
280
279
279
279
279
279
279
279
278
278
278
278
278
278
278
278
278
278
278
277
277
277
277
277
277
277
277
277
277
277
277
277
277
277
277
277
277
277
277
276
276
276
276
276
276
276
276
276
276
276
276
276
276
276
275
275
275
275
275
275
275
275
275
275
275
275
275
275
274
274
274
274
274
274
274
274
274
274
274
274
274
273
273
273
273
273
273
273
273
273
273
273
273
273
273
272
272
272
272
272
272
272
272
272
272
272
272
271
271
271
271
271
271
271
271
271
271
271
271
270
270
270
270
270
270
270
270
270
270
270
270
270
270
269
269
269
269
269
269
269
269
269
269
269
269
268
268
268
268
268
268
268
268
268
268
268
268
267
267
267
267
267
267
267
267
267
267
267
267
267
267
267
267
267
267
267
266
266
266
266
266
266
266
266
266
266
266
266
266
266
266
266
266
265
265
265
265
265
265
265
265
265
264
264
264
264
264
264
264
264
264
264
264
264
264
264
264
264
264
264
264
264
264
263
263
263
263
263
263
263
263
263
263
263
263
263
263
263
262
262
262
262
262
262
262
262
262
262
262
262
262
262
262
262
262
262
262
261
261
261
261
261
261
261
261
261
261
261
261
261
261
261
261
261
260
260
260
260
260
260
260
260
260
260
260
259
259
259
259
259
259
259
259
258
258
258
258
258
258
258
258
258
258
258
258
258
258
258
258
258
258
257
257
257
257
257
257
257
257
257
257
257
257
257
257
257
257
257
257
256
256
256
256
256
256
256
256
256
256
256
256
256
256
255
255
255
255
255
255
255
255
255
255
255
255
255
255
255
255
255
254
254
254
254
254
254
254
254
254
254
254
254
254
254
254
254
253
253
253
253
253
253
253
253
253
253
253
253
253
253
253
252
252
252
252
252
252
252
252
252
252
252
252
252
252
252
252
252
252
252
252
252
252
252
252
251
251
251
251
251
251
251
251
251
251
251
251
251
251
251
251
251
251
251
251
251
251
251
251
251
250
250
250
250
250
250
250
250
250
250
249
249
249
249
249
249
249
249
249
249
249
249
249
249
249
249
249
248
248
248
248
248
248
248
248
248
248
248
248
248
248
248
248
248
247
247
247
247
247
247
247
247
247
247
247
247
247
247
246
246
246
246
246
246
246
246
246
246
246
246
246
246
246
246
246
246
246
246
245
245
245
245
245
245
245
245
245
245
245
245
245
245
245
245
245
244
244
244
244
244
244
244
244
244
244
244
244
244
244
244
244
244
243
243
243
243
243
243
243
243
243
243
243
243
243
243
243
243
243
243
243
243
242
242
242
242
242
242
242
242
242
242
242
242
242
242
242
242
242
241
241
241
241
241
241
241
241
241
241
241
241
241
241
241
241
240
240
240
240
240
240
240
240
240
240
240
240
240
240
240
240
240
239
239
239
239
239
239
239
239
239
239
239
239
239
239
239
239
239
239
239
239
239
238
238
238
238
238
238
238
238
238
238
238
238
238
238
238
238
237
237
237
237
237
237
237
237
237
237
237
237
237
237
237
237
236
236
236
236
236
236
236
236
236
236
236
236
236
236
236
236
236
236
236
236
236
236
236
235
235
235
235
235
235
235
235
235
235
235
235
235
235
234
234
234
234
234
234
234
234
234
234
234
234
234
234
234
234
234
234
233
233
233
233
233
233
233
233
233
233
233
233
233
233
233
233
233
232
232
232
232
232
232
232
232
232
232
232
232
232
232
232
232
232
232
232
232
232
232
232
232
231
231
231
231
231
231
231
231
231
231
231
231
231
231
231
231
231
231
231
231
231
231
230
230
230
230
230
230
230
230
230
230
230
230
230
230
230
230
230
230
230
230
230
229
229
229
229
229
229
229
229
229
229
229
229
229
229
229
229
229
229
229
229
228
228
228
228
228
228
228
228
228
228
228
228
228
228
228
228
228
228
228
228
228
228
228
228
227
227
227
227
227
227
227
227
227
227
227
227
227
227
227
227
227
227
227
227
227
227
226
226
226
226
226
226
226
226
226
226
226
226
226
226
226
226
225
225
225
225
225
225
225
225
225
225
225
225
225
225
225
225
225
225
225
225
225
224
224
224
224
224
224
224
224
224
224
224
224
224
224
224
224
224
224
224
224
223
223
223
223
223
223
223
223
223
223
223
223
223
223
223
223
223
222
222
222
222
222
222
222
222
222
222
222
222
222
222
222
222
222
222
222
221
221
221
221
221
221
221
221
221
221
221
221
221
221
221
221
221
221
221
220
220
220
220
220
220
220
220
220
220
220
220
220
220
220
220
220
219
219
219
219
219
219
219
219
219
219
219
219
219
219
219
219
219
219
219
219
219
219
219
219
219
219
219
218
218
218
218
218
218
218
218
218
218
218
218
218
218
218
218
218
218
218
218
218
218
218
218
217
217
217
217
217
217
217
217
217
217
217
217
217
217
216
216
216
216
216
216
216
216
216
216
216
216
216
216
216
216
216
216
216
216
216
216
216
216
216
216
216
216
216
216
216
216
215
215
215
215
215
215
215
215
215
215
215
215
215
215
215
215
214
214
214
214
214
214
214
214
214
214
214
214
214
214
214
214
214
214
214
214
214
213
213
213
213
213
213
213
213
213
213
213
213
213
213
213
213
212
212
212
212
212
212
212
212
212
212
212
212
212
212
212
212
212
212
212
211
211
211
211
211
211
211
211
211
211
211
211
211
211
211
211
211
211
211
211
210
210
210
210
210
210
210
210
210
210
210
210
210
210
210
210
210
210
210
210
210
210
210
210
210
209
209
209
209
209
209
209
209
209
209
209
209
209
209
209
209
209
209
209
209
209
209
209
209
209
208
208
208
208
208
208
208
208
208
208
208
208
208
208
208
208
208
207
207
207
207
207
207
207
207
207
207
207
207
207
207
207
207
207
206
206
206
206
206
206
206
206
206
206
206
206
206
206
206
206
206
206
206
206
205
205
205
205
205
205
205
205
205
205
205
205
205
205
205
205
205
205
205
205
205
205
205
204
204
204
204
204
204
204
204
204
204
204
204
204
204
204
204
204
204
204
204
204
204
204
204
204
204
204
204
204
204
203
203
203
203
203
203
203
203
203
203
203
203
203
203
203
203
203
203
202
202
202
202
202
202
202
202
202
202
202
202
202
202
202
202
202
202
202
202
202
202
201
201
201
201
201
201
201
201
201
201
201
201
201
201
201
201
201
201
201
201
201
201
201
200
200
200
200
200
200
200
200
200
200
200
200
200
200
200
200
200
200
200
200
200
200
199
199
199
199
199
199
199
199
199
199
199
199
199
199
199
199
199
199
199
199
199
199
199
199
199
198
198
198
198
198
198
198
198
198
198
198
198
198
198
198
198
198
198
198
198
198
198
198
198
198
197
197
197
197
197
197
197
197
197
197
197
197
197
197
197
197
197
197
197
197
197
197
197
196
196
196
196
196
196
196
196
196
196
196
196
196
196
196
196
195
195
195
195
195
195
195
195
195
195
195
195
195
195
195
195
195
195
195
195
195
195
195
195
195
195
195
195
195
194
194
194
194
194
194
194
194
194
194
194
194
194
194
194
194
194
194
194
194
194
194
194
194
194
194
194
193
193
193
193
193
193
193
193
193
193
193
193
193
193
193
193
193
193
193
193
193
193
193
193
193
193
193
193
192
192
192
192
192
192
192
192
192
192
192
192
192
192
192
192
192
192
192
192
192
192
192
192
192
192
192
192
192
192
192
192
192
191
191
191
191
191
191
191
191
191
191
191
191
191
191
191
191
191
191
191
191
191
191
191
191
191
191
191
191
191
190
190
190
190
190
190
190
190
190
190
190
190
190
190
190
190
190
190
190
190
190
190
190
190
190
190
190
190
190
190
190
190
190
189
189
189
189
189
189
189
189
189
189
189
189
189
189
189
189
189
189
189
189
189
189
189
188
188
188
188
188
188
188
188
188
188
188
188
188
188
188
188
188
188
188
188
188
188
188
188
188
188
188
188
188
188
187
187
187
187
187
187
187
187
187
187
187
187
187
187
187
187
187
187
187
187
187
187
187
187
187
187
187
187
187
187
187
187
187
186
186
186
186
186
186
186
186
186
186
186
186
186
186
186
186
186
186
186
186
186
186
186
186
186
185
185
185
185
185
185
185
185
185
185
185
185
185
185
185
185
185
185
185
185
185
185
185
185
185
185
185
184
184
184
184
184
184
184
184
184
184
184
184
184
184
184
184
184
184
184
184
184
184
184
184
183
183
183
183
183
183
183
183
183
183
183
183
183
183
183
183
183
183
183
182
182
182
182
182
182
182
182
182
182
182
182
182
182
182
182
182
182
182
182
182
182
182
182
182
182
182
182
182
182
182
182
182
182
182
182
181
181
181
181
181
181
181
181
181
181
181
181
181
181
181
181
181
181
181
181
181
181
181
181
181
181
180
180
180
180
180
180
180
180
180
180
180
180
180
180
180
180
180
180
180
180
180
180
180
180
180
180
180
180
180
180
180
180
180
180
180
180
180
180
180
180
179
179
179
179
179
179
179
179
179
179
179
179
179
179
179
179
179
179
179
179
179
179
179
179
179
179
179
179
179
179
179
179
179
179
179
179
179
179
179
179
178
178
178
178
178
178
178
178
178
178
178
178
178
178
178
178
178
178
178
178
178
178
178
178
178
178
178
178
178
178
178
178
178
178
178
178
178
178
178
178
178
178
178
178
178
177
177
177
177
177
177
177
177
177
177
177
177
177
177
177
177
177
177
177
177
177
177
177
177
177
177
177
177
177
177
177
176
176
176
176
176
176
176
176
176
176
176
176
176
176
176
176
176
176
176
176
176
176
176
176
176
176
176
176
176
176
176
176
175
175
175
175
175
175
175
175
175
175
175
175
175
175
175
175
175
175
175
175
175
175
175
175
175
175
175
175
175
175
174
174
174
174
174
174
174
174
174
174
174
174
174
174
174
174
174
174
174
174
174
174
174
174
174
174
174
174
174
174
174
174
174
174
173
173
173
173
173
173
173
173
173
173
173
173
173
173
173
173
173
173
173
173
173
173
173
173
173
173
173
173
173
173
173
173
172
172
172
172
172
172
172
172
172
172
172
172
172
172
172
172
172
172
172
172
172
172
172
172
172
172
172
172
172
172
172
171
171
171
171
171
171
171
171
171
171
171
171
171
171
171
171
171
171
171
171
171
171
171
171
171
171
171
171
171
171
171
171
171
171
171
171
171
171
171
171
171
171
171
171
171
171
171
171
170
170
170
170
170
170
170
170
170
170
170
170
170
170
170
170
170
170
170
170
170
170
170
170
170
170
170
170
170
170
170
170
170
170
170
170
170
170
170
170
170
170
170
170
169
169
169
169
169
169
169
169
169
169
169
169
169
169
169
169
169
169
169
169
169
169
169
169
169
169
169
169
169
169
169
168
168
168
168
168
168
168
168
168
168
168
168
168
168
168
168
168
168
168
168
168
168
168
168
168
168
168
168
168
168
168
168
168
168
168
168
168
168
168
168
168
167
167
167
167
167
167
167
167
167
167
167
167
167
167
167
167
167
167
167
167
167
167
167
167
167
167
167
167
167
167
167
167
167
167
167
167
167
167
167
167
167
167
167
167
167
166
166
166
166
166
166
166
166
166
166
166
166
166
166
166
166
166
166
166
166
166
166
166
166
166
166
166
166
166
166
165
165
165
165
165
165
165
165
165
165
165
165
165
165
165
165
165
165
165
165
165
165
165
165
165
165
165
165
165
165
165
165
165
165
165
165
164
164
164
164
164
164
164
164
164
164
164
164
164
164
164
164
164
164
164
164
164
164
164
164
164
164
164
164
164
164
164
164
164
164
164
164
164
164
164
163
163
163
163
163
163
163
163
163
163
163
163
163
163
163
163
163
163
163
163
163
163
163
163
163
163
163
163
163
163
163
163
163
163
163
163
163
162
162
162
162
162
162
162
162
162
162
162
162
162
162
162
162
162
162
162
162
162
162
162
162
162
162
162
162
162
162
161
161
161
161
161
161
161
161
161
161
161
161
161
161
161
161
161
161
161
161
161
161
161
161
161
161
161
161
161
161
161
161
161
161
160
160
160
160
160
160
160
160
160
160
160
160
160
160
160
160
160
160
160
160
160
160
160
160
160
160
160
160
160
160
160
160
160
160
160
160
160
160
160
160
160
160
160
160
160
160
160
159
159
159
159
159
159
159
159
159
159
159
159
159
159
159
159
159
159
159
159
159
159
159
159
159
159
159
159
159
159
159
159
159
159
159
159
159
159
159
158
158
158
158
158
158
158
158
158
158
158
158
158
158
158
158
158
158
158
158
158
158
158
158
158
158
158
158
158
158
158
158
158
158
158
158
158
158
158
158
158
158
158
158
158
158
158
158
157
157
157
157
157
157
157
157
157
157
157
157
157
157
157
157
157
157
157
157
157
157
157
157
157
157
157
157
157
157
157
157
157
157
157
156
156
156
156
156
156
156
156
156
156
156
156
156
156
156
156
156
156
156
156
156
156
156
156
156
156
156
156
156
156
156
156
156
156
156
156
156
156
156
156
156
156
156
156
156
155
155
155
155
155
155
155
155
155
155
155
155
155
155
155
155
155
155
155
155
155
155
155
155
155
155
155
155
155
155
155
155
155
155
155
155
155
155
155
155
155
155
155
155
155
155
155
155
155
154
154
154
154
154
154
154
154
154
154
154
154
154
154
154
154
154
154
154
154
154
154
154
154
154
154
154
154
154
154
154
154
154
154
154
154
154
154
154
154
153
153
153
153
153
153
153
153
153
153
153
153
153
153
153
153
153
153
153
153
153
153
153
153
153
153
153
153
153
153
153
153
153
153
153
153
153
153
153
153
153
153
153
153
152
152
152
152
152
152
152
152
152
152
152
152
152
152
152
152
152
152
152
152
152
152
152
152
152
152
152
152
152
152
152
152
152
152
152
152
152
152
151
151
151
151
151
151
151
151
151
151
151
151
151
151
151
151
151
151
151
151
151
151
151
151
151
151
151
151
151
151
151
151
151
151
151
151
151
151
151
151
151
151
150
150
150
150
150
150
150
150
150
150
150
150
150
150
150
150
150
150
150
150
150
150
150
150
150
150
150
150
150
150
150
150
150
150
150
150
150
150
150
150
150
150
150
150
150
150
150
150
150
150
150
150
150
149
149
149
149
149
149
149
149
149
149
149
149
149
149
149
149
149
149
149
149
149
149
149
149
149
149
149
149
149
149
149
149
149
149
149
149
149
149
149
149
149
149
149
149
149
149
149
148
148
148
148
148
148
148
148
148
148
148
148
148
148
148
148
148
148
148
148
148
148
148
148
148
148
148
148
148
148
148
148
148
148
148
148
148
148
148
148
148
148
148
148
148
148
148
148
148
148
148
148
148
148
148
148
148
148
148
148
148
148
148
148
148
147
147
147
147
147
147
147
147
147
147
147
147
147
147
147
147
147
147
147
147
147
147
147
147
147
147
147
147
147
147
147
147
147
147
147
147
147
147
147
147
147
146
146
146
146
146
146
146
146
146
146
146
146
146
146
146
146
146
146
146
146
146
146
146
146
146
146
146
146
146
146
146
146
146
146
146
146
146
146
146
146
146
146
146
146
146
145
145
145
145
145
145
145
145
145
145
145
145
145
145
145
145
145
145
145
145
145
145
145
145
145
145
145
145
145
145
145
145
145
145
145
145
145
145
145
145
145
145
145
145
145
145
145
145
145
145
145
145
145
145
145
145
144
144
144
144
144
144
144
144
144
144
144
144
144
144
144
144
144
144
144
144
144
144
144
144
144
144
144
144
144
144
144
144
144
144
144
144
144
144
144
144
144
144
144
144
144
144
144
144
144
144
144
144
144
144
144
144
144
144
144
144
144
144
144
144
143
143
143
143
143
143
143
143
143
143
143
143
143
143
143
143
143
143
143
143
143
143
143
143
143
143
143
143
143
143
143
143
143
143
143
143
143
143
143
143
143
143
143
143
143
143
143
143
143
143
143
143
143
143
142
142
142
142
142
142
142
142
142
142
142
142
142
142
142
142
142
142
142
142
142
142
142
142
142
142
142
142
142
142
142
142
142
142
142
142
142
142
142
142
142
142
142
142
141
141
141
141
141
141
141
141
141
141
141
141
141
141
141
141
141
141
141
141
141
141
141
141
141
141
141
141
141
141
141
141
141
141
141
141
141
141
141
141
141
141
141
141
141
141
140
140
140
140
140
140
140
140
140
140
140
140
140
140
140
140
140
140
140
140
140
140
140
140
140
140
140
140
140
140
140
140
140
140
140
140
140
140
140
140
140
140
140
140
140
140
139
139
139
139
139
139
139
139
139
139
139
139
139
139
139
139
139
139
139
139
139
139
139
139
139
139
139
139
139
139
139
139
139
139
139
139
139
139
139
139
139
139
139
139
139
139
139
139
139
139
139
138
138
138
138
138
138
138
138
138
138
138
138
138
138
138
138
138
138
138
138
138
138
138
138
138
138
138
138
138
138
138
138
138
138
138
138
138
138
138
138
138
138
138
138
138
138
138
138
138
137
137
137
137
137
137
137
137
137
137
137
137
137
137
137
137
137
137
137
137
137
137
137
137
137
137
137
137
137
137
137
137
137
137
137
137
137
137
137
137
137
137
137
136
136
136
136
136
136
136
136
136
136
136
136
136
136
136
136
136
136
136
136
136
136
136
136
136
136
136
136
136
136
136
136
136
136
136
136
136
136
136
136
136
136
136
136
136
136
135
135
135
135
135
135
135
135
135
135
135
135
135
135
135
135
135
135
135
135
135
135
135
135
135
135
135
135
135
135
135
135
135
135
135
135
135
135
135
135
135
134
134
134
134
134
134
134
134
134
134
134
134
134
134
134
134
134
134
134
134
134
134
134
134
134
134
134
134
134
134
134
134
134
134
134
134
134
134
134
134
134
134
134
134
134
134
134
134
134
134
134
134
134
134
134
134
134
134
134
134
134
134
133
133
133
133
133
133
133
133
133
133
133
133
133
133
133
133
133
133
133
133
133
133
133
133
133
133
133
133
133
133
133
133
133
133
133
133
133
133
133
133
133
133
133
133
133
133
133
133
133
133
133
133
133
133
132
132
132
132
132
132
132
132
132
132
132
132
132
132
132
132
132
132
132
132
132
132
132
132
132
132
132
132
132
132
132
132
132
132
132
132
132
132
132
132
132
132
132
132
132
132
132
132
132
132
132
132
132
132
132
132
132
132
132
132
132
131
131
131
131
131
131
131
131
131
131
131
131
131
131
131
131
131
131
131
131
131
131
131
131
131
131
131
131
131
131
131
131
131
131
131
131
131
131
131
131
131
131
131
131
130
130
130
130
130
130
130
130
130
130
130
130
130
130
130
130
130
130
130
130
130
130
130
130
130
130
130
130
130
130
130
130
130
130
130
130
130
130
130
130
130
130
130
130
130
130
130
130
130
130
130
130
130
130
129
129
129
129
129
129
129
129
129
129
129
129
129
129
129
129
129
129
129
129
129
129
129
129
129
129
129
129
129
129
129
129
129
129
129
129
129
129
129
129
129
129
129
129
129
129
129
129
129
129
129
129
129
129
129
128
128
128
128
128
128
128
128
128
128
128
128
128
128
128
128
128
128
128
128
128
128
128
128
128
128
128
128
128
128
128
128
128
128
128
128
128
128
128
128
128
128
128
128
128
128
128
128
128
128
127
127
127
127
127
127
127
127
127
127
127
127
127
127
127
127
127
127
127
127
127
127
127
127
127
127
127
127
127
127
127
127
127
127
127
127
127
127
127
127
127
127
127
127
127
127
127
127
127
127
127
127
127
126
126
126
126
126
126
126
126
126
126
126
126
126
126
126
126
126
126
126
126
126
126
126
126
126
126
126
126
126
126
126
126
126
126
126
126
126
126
126
126
126
126
126
126
126
126
126
126
126
126
126
126
126
126
126
126
126
126
126
126
126
126
126
126
126
126
126
126
125
125
125
125
125
125
125
125
125
125
125
125
125
125
125
125
125
125
125
125
125
125
125
125
125
125
125
125
125
125
125
125
125
125
125
125
125
125
125
125
125
125
125
125
125
125
125
125
125
125
125
125
125
125
125
125
125
125
125
125
125
124
124
124
124
124
124
124
124
124
124
124
124
124
124
124
124
124
124
124
124
124
124
124
124
124
124
124
124
124
124
124
124
124
124
124
124
124
124
124
124
124
124
124
124
124
124
124
124
124
123
123
123
123
123
123
123
123
123
123
123
123
123
123
123
123
123
123
123
123
123
123
123
123
123
123
123
123
123
123
123
123
123
123
123
123
123
123
123
123
123
123
123
123
123
123
123
123
123
123
123
123
123
122
122
122
122
122
122
122
122
122
122
122
122
122
122
122
122
122
122
122
122
122
122
122
122
122
122
122
122
122
122
122
122
122
122
122
122
122
122
122
122
122
122
122
122
122
122
122
122
122
122
122
122
122
122
122
122
122
122
122
122
122
122
122
122
122
121
121
121
121
121
121
121
121
121
121
121
121
121
121
121
121
121
121
121
121
121
121
121
121
121
121
121
121
121
121
121
121
121
121
121
121
121
121
121
121
121
121
121
121
121
121
121
121
121
121
121
121
121
121
121
121
121
121
121
121
121
121
121
121
121
120
120
120
120
120
120
120
120
120
120
120
120
120
120
120
120
120
120
120
120
120
120
120
120
120
120
120
120
120
120
120
120
120
120
120
120
120
120
120
120
120
120
120
120
120
120
120
120
120
120
120
120
120
120
120
120
120
120
120
120
120
120
120
120
120
120
120
120
120
120
120
120
119
119
119
119
119
119
119
119
119
119
119
119
119
119
119
119
119
119
119
119
119
119
119
119
119
119
119
119
119
119
119
119
119
119
119
119
119
119
119
119
119
119
119
119
119
119
119
119
119
119
119
119
119
119
119
119
119
119
119
119
119
119
119
119
119
119
119
119
119
119
119
119
119
118
118
118
118
118
118
118
118
118
118
118
118
118
118
118
118
118
118
118
118
118
118
118
118
118
118
118
118
118
118
118
118
118
118
118
118
118
118
118
118
118
118
118
118
118
118
118
118
118
118
118
118
118
118
118
118
118
118
118
118
118
118
118
117
117
117
117
117
117
117
117
117
117
117
117
117
117
117
117
117
117
117
117
117
117
117
117
117
117
117
117
117
117
117
117
117
117
117
117
117
117
117
117
117
117
117
117
117
117
117
117
117
117
117
117
117
117
117
117
117
117
117
117
117
117
117
117
117
117
117
117
117
117
117
117
117
117
117
117
117
117
117
116
116
116
116
116
116
116
116
116
116
116
116
116
116
116
116
116
116
116
116
116
116
116
116
116
116
116
116
116
116
116
116
116
116
116
116
116
116
116
116
116
116
116
116
116
116
116
116
116
116
116
116
116
116
116
116
116
116
116
116
116
116
116
116
116
116
116
116
116
115
115
115
115
115
115
115
115
115
115
115
115
115
115
115
115
115
115
115
115
115
115
115
115
115
115
115
115
115
115
115
115
115
115
115
115
115
115
115
115
115
115
115
115
115
115
115
115
115
115
115
115
115
115
115
115
115
115
115
115
115
115
115
115
115
115
115
115
115
115
115
115
115
115
115
115
114
114
114
114
114
114
114
114
114
114
114
114
114
114
114
114
114
114
114
114
114
114
114
114
114
114
114
114
114
114
114
114
114
114
114
114
114
114
114
114
114
114
114
114
114
114
114
114
114
114
114
114
114
114
114
114
114
113
113
113
113
113
113
113
113
113
113
113
113
113
113
113
113
113
113
113
113
113
113
113
113
113
113
113
113
113
113
113
113
113
113
113
113
113
113
113
113
113
113
113
113
113
113
113
113
113
113
113
113
113
113
113
113
113
113
113
113
113
113
113
113
113
113
113
113
113
113
113
113
112
112
112
112
112
112
112
112
112
112
112
112
112
112
112
112
112
112
112
112
112
112
112
112
112
112
112
112
112
112
112
112
112
112
112
112
112
112
112
112
112
112
112
112
112
112
112
112
112
112
112
112
112
112
112
112
112
112
112
112
112
112
112
112
112
112
112
112
112
112
112
112
112
112
112
112
112
112
112
112
112
112
112
112
112
112
111
111
111
111
111
111
111
111
111
111
111
111
111
111
111
111
111
111
111
111
111
111
111
111
111
111
111
111
111
111
111
111
111
111
111
111
111
111
111
111
111
111
111
111
111
111
111
111
111
111
111
111
111
111
111
111
111
111
111
111
111
111
111
111
111
111
111
111
111
111
111
111
111
111
111
111
111
111
111
111
111
111
110
110
110
110
110
110
110
110
110
110
110
110
110
110
110
110
110
110
110
110
110
110
110
110
110
110
110
110
110
110
110
110
110
110
110
110
110
110
110
110
110
110
110
110
110
110
110
110
110
110
110
110
110
110
110
110
110
110
110
110
110
110
110
110
110
110
110
110
110
110
110
110
110
110
110
110
110
110
110
110
110
110
110
110
110
110
110
110
110
110
110
110
110
110
110
110
110
110
110
110
110
110
110
110
110
109
109
109
109
109
109
109
109
109
109
109
109
109
109
109
109
109
109
109
109
109
109
109
109
109
109
109
109
109
109
109
109
109
109
109
109
109
109
109
109
109
109
109
109
109
109
109
109
109
109
109
109
109
109
109
109
109
109
109
109
109
109
109
109
109
109
109
109
109
109
109
109
109
109
109
109
109
109
109
109
109
109
109
109
109
109
108
108
108
108
108
108
108
108
108
108
108
108
108
108
108
108
108
108
108
108
108
108
108
108
108
108
108
108
108
108
108
108
108
108
108
108
108
108
108
108
108
108
108
108
108
108
108
108
108
108
108
108
108
108
108
108
108
108
108
108
108
108
108
108
108
108
108
108
108
108
108
108
108
108
108
108
108
107
107
107
107
107
107
107
107
107
107
107
107
107
107
107
107
107
107
107
107
107
107
107
107
107
107
107
107
107
107
107
107
107
107
107
107
107
107
107
107
107
107
107
107
107
107
107
107
107
107
107
107
107
107
107
107
107
107
107
107
107
107
107
107
107
107
107
107
107
107
107
107
107
107
107
107
107
107
107
107
107
107
107
107
107
107
106
106
106
106
106
106
106
106
106
106
106
106
106
106
106
106
106
106
106
106
106
106
106
106
106
106
106
106
106
106
106
106
106
106
106
106
106
106
106
106
106
106
106
106
106
106
106
106
106
106
106
106
106
106
106
106
106
106
106
106
106
106
106
106
106
106
106
106
106
106
106
106
106
106
106
106
106
106
106
106
106
106
106
106
106
105
105
105
105
105
105
105
105
105
105
105
105
105
105
105
105
105
105
105
105
105
105
105
105
105
105
105
105
105
105
105
105
105
105
105
105
105
105
105
105
105
105
105
105
105
105
105
105
105
105
105
105
105
105
105
105
105
105
105
105
105
105
105
105
105
105
105
105
105
105
105
105
105
105
105
105
105
104
104
104
104
104
104
104
104
104
104
104
104
104
104
104
104
104
104
104
104
104
104
104
104
104
104
104
104
104
104
104
104
104
104
104
104
104
104
104
104
104
104
104
104
104
104
104
104
104
104
104
104
104
104
104
104
104
104
104
104
104
104
104
104
104
104
104
104
104
104
104
104
104
104
104
104
104
104
104
104
104
104
104
104
104
104
104
104
104
104
104
104
104
104
104
104
104
104
103
103
103
103
103
103
103
103
103
103
103
103
103
103
103
103
103
103
103
103
103
103
103
103
103
103
103
103
103
103
103
103
103
103
103
103
103
103
103
103
103
103
103
103
103
103
103
103
103
103
103
103
103
103
103
103
103
103
103
103
103
103
103
103
103
103
103
103
103
103
103
103
103
103
103
103
102
102
102
102
102
102
102
102
102
102
102
102
102
102
102
102
102
102
102
102
102
102
102
102
102
102
102
102
102
102
102
102
102
102
102
102
102
102
102
102
102
102
102
102
102
102
102
102
102
102
102
102
102
102
102
102
102
102
102
102
102
102
102
102
102
102
102
102
102
102
102
102
102
102
102
102
102
102
102
102
102
102
102
102
102
102
102
101
101
101
101
101
101
101
101
101
101
101
101
101
101
101
101
101
101
101
101
101
101
101
101
101
101
101
101
101
101
101
101
101
101
101
101
101
101
101
101
101
101
101
101
101
101
101
101
101
101
101
101
101
101
101
101
101
101
101
101
101
101
101
101
101
101
101
101
101
101
101
101
101
101
101
101
101
101
101
101
101
101
101
101
101
101
101
101
101
101
101
101
101
101
101
101
101
101
101
101
100
100
100
100
100
100
100
100
100
100
100
100
100
100
100
100
100
100
100
100
100
100
100
100
100
100
100
100
100
100
100
100
100
100
100
100
100
100
100
100
100
100
100
100
100
100
100
100
100
100
100
100
100
100
100
100
100
100
100
100
100
100
100
100
100
100
100
100
100
100
100
100
100
100
100
100
100
100
100
100
100
100
100
100
100
100
100
100
100
100
100
100
100
100
100
100
100
100
100
100
100
100
100
100
100
